10,160
10,84
10,264
10,90
10,308
10,258
10,22
10,2
10,3
9,7
9,4
9,1
9,6
9,3
8,17
8,10
8,8
8,2
8,3
20,3
20,2
20,1
19,2
19,3
19,1
12,3
12,2
12,1
11,29
11,28
11,27
11,26
11,25
11,24
11,23
11,22
11,21
11,20
11,19
11,18
11,17
11,16
11,15
11,14
11,13
11,12
11,11
11,10
11,9
11,8
11,7
11,6
11,5
11,4
11,3
11,2
11,1
11,0
10,305
10,302
10,283
10,274
10,251
10,238
10,232
10,227
10,224
10,219
10,218
10,216
10,162
10,150
10,128
18,1
10,95
18,3
10,89
10,88
10,86
10,78
10,73
10,1
10,32
9,2
8,13
8,12
8,7
8,6
2,2
2,1
8,5
76,1
2,3
8,1
76,4
8,4
3,3
3,2
13,1
3,1
13,3
14,1
14,3
0,9
0,0
80,34
80,33
80,32
